    Applied Voltage (V)  Intensity (P(V))  birefringence
0                     0             10.78       2324.815
1                    50             10.45       2285.860
2                   100             10.01       2233.216
3                   150              9.79       2206.575
4                   200              9.79       2206.575
5                   250              9.79       2206.575
6                   300              9.90       2219.923
7                   350             10.34       2272.776
8                   400             10.78       2324.815
9                   450             10.78       2324.815
10                  500             11.66       2426.683
11                  550             12.65       2538.194
12                  600             13.64       2646.906
13                  650             14.63       2753.234
14                  700             15.84       2880.462
15                  750             17.38       3038.848
16                  800             19.14       3216.123
17                  850             20.79       3379.715
18                  900             22.77       3573.931
19                  950             24.75       3767.141
20                 1000             27.72       4057.898
21                 1050             29.59       4243.313
22                 1100             32.12       4499.674
23                 1150             34.87       4789.620
24                 1200             37.51       5085.106
25                 1250             39.93       5378.652
26                 1300             42.24       5690.769
27                 1350             44.22       5999.532
28                 1400             46.20       6381.569
29                 1450             47.63       6769.496
30                 1500             48.40       7129.240
31                 1550             48.62       7448.451
32                 1600             48.29       7057.351
33                 1650             47.52       6732.495
34                 1700             45.98       6333.254
35                 1750             44.44       6037.358
36                 1800             41.91       5643.618
